2017 IOV9-IOV10 Hall Mobilities [LAs]


BPix map

Layer 1, Modules 1-8, 0.0785
Layer 2, Modules 1-4, 0.0765
Layer 2, Modules 5-8, 0.0805
Layer 3, Modules 1-4, 0.1222
Layer 3, Modules 5-8, 0.1337
Layer 4, Modules 1-4, 0.1318
Layer 4, Modules 5-8, 0.1449
    
FPix

Ring 2, Panel 1, 0.1097
Ring 2, Panel 2, 0.1076
Ring 1, Panel 1, 0.1166
Ring 1, Panel 2, 0.1156

Exceptions

Side Disk   Blade   Ring   Panel  Hall Mobility
 1    3      16       1      1      0.0805
 1    3      17       1      1      0.0805
 1    3       7       1      1      0.0805
 1    3       8       1      1      0.0805
 1    3       9       1      1      0.0805
 1    3      15       1      1      0.0805
 2    1      19       1      1      0.0805
 2    1      18       1      1      0.0805
 2    1       6       1      1      0.0805
 2    1       5       1      1      0.0805
 2    1       4       1      1      0.0805
 2    1       3       1      1      0.0805
 2    1       2       1      1      0.0805
 2    1       1       1      1      0.0805
 2    1      22       1      1      0.0805
 2    1      21       1      1      0.0805
 2    1      20       1      1      0.0805
 1    3      16       1      2      0.0788
 1    3      17       1      2      0.0788
 1    3       7       1      2      0.0788
 1    3       8       1      2      0.0788
 1    3       9       1      2      0.0788
 1    3      15       1      2      0.0788
 2    1      19       1      2      0.0788
 2    1      18       1      2      0.0788
 2    1       6       1      2      0.0788
 2    1       5       1      2      0.0788
 2    1       4       1      2      0.0788
 2    1       3       1      2      0.0788
 2    1       2       1      2      0.0788
 2    1       1       1      2      0.0788
 2    1      22       1      2      0.0788
 2    1      21       1      2      0.0788
 2    1      20       1      2      0.0788
 1    3      32       2      1      0.0756
 1    3      33       2      1      0.0756
 1    3      34       2      1      0.0756
 1    3      35       2      1      0.0756
 1    3      32       2      2      0.0736
 1    3      33       2      2      0.0736
 1    3      34       2      2      0.0736


