2017B Hall Mobilities L1@200V [LAs]
Pulse height adjusted, New Gain Calibration, With VCAL Fix

BPix map

Layer 1, Modules 1-8, 0.1036
Layer 2, Modules 1-4, 0.1318
Layer 2, Modules 5-8, 0.1449
Layer 3, Modules 1-4, 0.1318
Layer 3, Modules 5-8, 0.1449
Layer 4, Modules 1-4, 0.1318
Layer 4, Modules 5-8, 0.1449
    
FPix

Ring 2, Panel 1, 0.114
Ring 2, Panel 2, 0.114
Ring 1, Panel 1, 0.118
Ring 1, Panel 2, 0.117

Exceptions

Side Disk   Blade   Ring   Panel  Hall Mobility
 1    3      16       1      1      0.0809
 1    3      17       1      1      0.0809
 1    3       7       1      1      0.0809
 1    3       8       1      1      0.0809
 1    3       9       1      1      0.0809
 1    3      15       1      1      0.0809
 2    1      19       1      1      0.0809
 2    1      18       1      1      0.0809
 2    1       6       1      1      0.0809
 2    1       5       1      1      0.0809
 2    1       4       1      1      0.0809
 2    1       3       1      1      0.0809
 2    1       2       1      1      0.0809
 2    1       1       1      1      0.0809
 2    1      22       1      1      0.0809
 2    1      21       1      1      0.0809
 2    1      20       1      1      0.0809
 1    3      16       1      2      0.0799
 1    3      17       1      2      0.0799
 1    3       7       1      2      0.0799
 1    3       8       1      2      0.0799
 1    3       9       1      2      0.0799
 1    3      15       1      2      0.0799
 2    1      19       1      2      0.0799
 2    1      18       1      2      0.0799
 2    1       6       1      2      0.0799
 2    1       5       1      2      0.0799
 2    1       4       1      2      0.0799
 2    1       3       1      2      0.0799
 2    1       2       1      2      0.0799
 2    1       1       1      2      0.0799
 2    1      22       1      2      0.0799
 2    1      21       1      2      0.0799
 2    1      20       1      2      0.0799
 1    3      32       2      1      0.0782
 1    3      33       2      1      0.0782
 1    3      34       2      1      0.0782
 1    3      35       2      1      0.0782
 1    3      32       2      2      0.0777
 1    3      33       2      2      0.0777
 1    3      34       2      2      0.0777



